NAME EFTX_CPP
MAKE EFTX
FREQUENCY 99.50 MHz
H_WIDTH 65.00
V_WIDTH 45.00
FRONT_TO_BACK 25.00
GAIN 0.00 dBd
TILT MECHANICAL
HORIZONTAL 360
0	-0.00
1	0.00
2	0.00
3	0.00
4	0.01
5	0.01
6	0.01
7	0.02
8	0.03
9	0.03
10	0.04
11	0.05
12	0.06
13	0.07
14	0.08
15	0.10
16	0.11
17	0.13
18	0.14
19	0.16
20	0.18
21	0.19
22	0.21
23	0.23
24	0.25
25	0.28
26	0.30
27	0.32
28	0.35
29	0.37
30	0.40
31	0.42
32	0.45
33	0.48
34	0.51
35	0.54
36	0.57
37	0.60
38	0.63
39	0.67
40	0.70
41	0.74
42	0.77
43	0.81
44	0.85
45	0.88
46	0.92
47	0.96
48	1.00
49	1.05
50	1.09
51	1.13
52	1.18
53	1.22
54	1.27
55	1.31
56	1.36
57	1.41
58	1.45
59	1.50
60	1.55
61	1.60
62	1.65
63	1.70
64	1.76
65	1.81
66	1.86
67	1.91
68	1.96
69	2.02
70	2.07
71	2.12
72	2.17
73	2.22
74	2.28
75	2.33
76	2.38
77	2.43
78	2.48
79	2.53
80	2.57
81	2.62
82	2.67
83	2.71
84	2.76
85	2.80
86	2.84
87	2.88
88	2.92
89	2.96
90	3.00
91	3.03
92	3.06
93	3.10
94	3.13
95	3.15
96	3.18
97	3.20
98	3.23
99	3.25
100	3.26
101	3.28
102	3.30
103	3.31
104	3.32
105	3.33
106	3.33
107	3.34
108	3.34
109	3.34
110	3.34
111	3.34
112	3.34
113	3.33
114	3.33
115	3.32
116	3.31
117	3.30
118	3.29
119	3.28
120	3.26
121	3.25
122	3.23
123	3.21
124	3.20
125	3.18
126	3.16
127	3.14
128	3.12
129	3.10
130	3.08
131	3.06
132	3.03
133	3.01
134	2.99
135	2.97
136	2.94
137	2.92
138	2.90
139	2.88
140	2.85
141	2.83
142	2.81
143	2.79
144	2.77
145	2.74
146	2.72
147	2.70
148	2.68
149	2.66
150	2.64
151	2.62
152	2.60
153	2.59
154	2.57
155	2.55
156	2.53
157	2.52
158	2.50
159	2.49
160	2.47
161	2.46
162	2.44
163	2.43
164	2.42
165	2.41
166	2.40
167	2.39
168	2.38
169	2.37
170	2.36
171	2.35
172	2.35
173	2.34
174	2.34
175	2.33
176	2.33
177	2.33
178	2.32
179	2.32
180	2.32
181	2.32
182	2.32
183	2.33
184	2.33
185	2.33
186	2.34
187	2.34
188	2.35
189	2.36
190	2.37
191	2.38
192	2.39
193	2.40
194	2.41
195	2.42
196	2.44
197	2.45
198	2.47
199	2.49
200	2.50
201	2.52
202	2.54
203	2.56
204	2.58
205	2.60
206	2.62
207	2.65
208	2.67
209	2.69
210	2.72
211	2.74
212	2.77
213	2.79
214	2.82
215	2.85
216	2.87
217	2.90
218	2.93
219	2.95
220	2.98
221	3.00
222	3.03
223	3.06
224	3.08
225	3.11
226	3.13
227	3.16
228	3.18
229	3.20
230	3.22
231	3.24
232	3.26
233	3.28
234	3.30
235	3.32
236	3.33
237	3.35
238	3.36
239	3.37
240	3.38
241	3.39
242	3.40
243	3.41
244	3.41
245	3.42
246	3.42
247	3.42
248	3.42
249	3.41
250	3.41
251	3.40
252	3.39
253	3.38
254	3.37
255	3.36
256	3.34
257	3.32
258	3.31
259	3.28
260	3.26
261	3.24
262	3.21
263	3.19
264	3.16
265	3.13
266	3.10
267	3.06
268	3.03
269	2.99
270	2.96
271	2.92
272	2.88
273	2.84
274	2.79
275	2.75
276	2.71
277	2.66
278	2.62
279	2.57
280	2.52
281	2.47
282	2.43
283	2.38
284	2.33
285	2.28
286	2.23
287	2.18
288	2.13
289	2.07
290	2.02
291	1.97
292	1.92
293	1.87
294	1.82
295	1.77
296	1.72
297	1.67
298	1.62
299	1.58
300	1.53
301	1.48
302	1.43
303	1.39
304	1.34
305	1.30
306	1.25
307	1.21
308	1.17
309	1.12
310	1.08
311	1.04
312	1.00
313	0.96
314	0.93
315	0.89
316	0.85
317	0.82
318	0.78
319	0.75
320	0.71
321	0.68
322	0.65
323	0.62
324	0.59
325	0.56
326	0.53
327	0.50
328	0.47
329	0.45
330	0.42
331	0.39
332	0.37
333	0.35
334	0.32
335	0.30
336	0.28
337	0.26
338	0.24
339	0.22
340	0.20
341	0.18
342	0.16
343	0.15
344	0.13
345	0.12
346	0.10
347	0.09
348	0.08
349	0.07
350	0.05
351	0.05
352	0.04
353	0.03
354	0.02
355	0.02
356	0.01
357	0.01
358	0.00
359	0.00
VERTICAL 360
0	18.04
1	18.04
2	18.04
3	18.04
4	18.04
5	18.04
6	18.04
7	18.04
8	18.04
9	18.04
10	18.04
11	18.04
12	18.04
13	18.04
14	18.04
15	18.04
16	18.04
17	18.04
18	18.04
19	18.04
20	18.04
21	18.04
22	18.04
23	18.04
24	18.04
25	18.04
26	18.04
27	18.04
28	18.04
29	18.04
30	18.04
31	18.04
32	18.04
33	18.04
34	18.04
35	18.04
36	18.04
37	18.04
38	18.04
39	18.04
40	18.04
41	18.04
42	18.04
43	18.04
44	18.04
45	18.04
46	18.04
47	18.04
48	18.04
49	18.04
50	18.04
51	18.04
52	18.04
53	18.04
54	18.04
55	18.04
56	18.04
57	18.04
58	18.04
59	18.04
60	18.04
61	18.04
62	18.04
63	18.04
64	18.04
65	18.04
66	18.04
67	18.04
68	18.04
69	18.04
70	18.04
71	18.04
72	18.04
73	18.04
74	18.04
75	18.04
76	18.04
77	18.04
78	18.04
79	18.04
80	18.04
81	18.04
82	18.04
83	18.04
84	18.04
85	18.04
86	18.04
87	18.04
88	18.04
89	18.04
90	0.00
91	18.04
92	18.04
93	18.04
94	18.04
95	18.04
96	18.04
97	18.04
98	18.04
99	18.04
100	18.04
101	18.04
102	18.04
103	18.04
104	18.04
105	18.04
106	18.04
107	18.04
108	18.04
109	18.04
110	18.04
111	18.04
112	18.04
113	18.04
114	18.04
115	18.04
116	18.04
117	18.04
118	18.04
119	18.04
120	18.04
121	18.04
122	18.04
123	18.04
124	18.04
125	18.04
126	18.04
127	18.04
128	18.04
129	18.04
130	18.04
131	18.04
132	18.04
133	18.04
134	18.04
135	18.04
136	18.04
137	18.04
138	18.04
139	18.04
140	18.04
141	18.04
142	18.04
143	18.04
144	18.04
145	18.04
146	18.04
147	18.04
148	18.04
149	18.04
150	18.04
151	18.04
152	18.04
153	18.04
154	18.04
155	18.04
156	18.04
157	18.04
158	18.04
159	18.04
160	18.04
161	18.04
162	18.04
163	18.04
164	18.04
165	18.04
166	18.04
167	18.04
168	18.04
169	18.04
170	18.04
171	18.04
172	18.04
173	18.04
174	18.04
175	18.04
176	18.04
177	18.04
178	18.04
179	18.04
180	18.04
181	18.04
182	18.04
183	18.04
184	18.04
185	18.04
186	18.04
187	18.04
188	18.04
189	18.04
190	18.04
191	18.04
192	18.04
193	18.04
194	18.04
195	18.04
196	18.04
197	18.04
198	18.04
199	18.04
200	18.04
201	18.04
202	18.04
203	18.04
204	18.04
205	18.04
206	18.04
207	18.04
208	18.04
209	18.04
210	18.04
211	18.04
212	18.04
213	18.04
214	18.04
215	18.04
216	18.04
217	18.04
218	18.04
219	18.04
220	18.04
221	18.04
222	18.04
223	18.04
224	18.04
225	18.04
226	18.04
227	18.04
228	18.04
229	18.04
230	18.04
231	18.04
232	18.04
233	18.04
234	18.04
235	18.04
236	18.04
237	18.04
238	18.04
239	18.04
240	18.04
241	18.04
242	18.04
243	18.04
244	18.04
245	18.04
246	18.04
247	18.04
248	18.04
249	18.04
250	18.04
251	18.04
252	18.04
253	18.04
254	18.04
255	18.04
256	18.04
257	18.04
258	18.04
259	18.04
260	18.04
261	18.04
262	18.04
263	18.04
264	18.04
265	18.04
266	18.04
267	18.04
268	18.04
269	18.04
270	0.00
271	18.04
272	18.04
273	18.04
274	18.04
275	18.04
276	18.04
277	18.04
278	18.04
279	18.04
280	18.04
281	18.04
282	18.04
283	18.04
284	18.04
285	18.04
286	18.04
287	18.04
288	18.04
289	18.04
290	18.04
291	18.04
292	18.04
293	18.04
294	18.04
295	18.04
296	18.04
297	18.04
298	18.04
299	18.04
300	18.04
301	18.04
302	18.04
303	18.04
304	18.04
305	18.04
306	18.04
307	18.04
308	18.04
309	18.04
310	18.04
311	18.04
312	18.04
313	18.04
314	18.04
315	18.04
316	18.04
317	18.04
318	18.04
319	18.04
320	18.04
321	18.04
322	18.04
323	18.04
324	18.04
325	18.04
326	18.04
327	18.04
328	18.04
329	18.04
330	18.04
331	18.04
332	18.04
333	18.04
334	18.04
335	18.04
336	18.04
337	18.04
338	18.04
339	18.04
340	18.04
341	18.04
342	18.04
343	18.04
344	18.04
345	18.04
346	18.04
347	18.04
348	18.04
349	18.04
350	18.04
351	18.04
352	18.04
353	18.04
354	18.04
355	18.04
356	18.04
357	18.04
358	18.04
359	18.04
