NAME SLOT_END_FEED_8_Vpol_ARQUIVO
MAKE EFTX
FREQUENCY 635.00 MHz
H_WIDTH 0.00
V_WIDTH 6.30
FRONT_TO_BACK 25.00
GAIN 10.80 dBd
TILT MECHANICAL
HORIZONTAL 360
0	0.00
1	0.00
2	0.00
3	0.00
4	0.00
5	0.00
6	0.00
7	0.01
8	0.01
9	0.02
10	0.02
11	0.03
12	0.04
13	0.05
14	0.05
15	0.07
16	0.08
17	0.09
18	0.10
19	0.12
20	0.13
21	0.15
22	0.17
23	0.18
24	0.20
25	0.22
26	0.25
27	0.27
28	0.29
29	0.32
30	0.34
31	0.37
32	0.40
33	0.43
34	0.46
35	0.49
36	0.53
37	0.56
38	0.60
39	0.63
40	0.67
41	0.71
42	0.76
43	0.80
44	0.84
45	0.89
46	0.93
47	0.98
48	1.03
49	1.08
50	1.13
51	1.19
52	1.24
53	1.29
54	1.35
55	1.41
56	1.47
57	1.53
58	1.58
59	1.65
60	1.71
61	1.77
62	1.83
63	1.89
64	1.96
65	2.02
66	2.09
67	2.15
68	2.22
69	2.28
70	2.34
71	2.41
72	2.47
73	2.54
74	2.60
75	2.66
76	2.72
77	2.78
78	2.84
79	2.90
80	2.96
81	3.01
82	3.07
83	3.12
84	3.17
85	3.22
86	3.26
87	3.31
88	3.35
89	3.39
90	3.42
91	3.46
92	3.49
93	3.52
94	3.54
95	3.56
96	3.58
97	3.60
98	3.61
99	3.62
100	3.62
101	3.63
102	3.63
103	3.63
104	3.62
105	3.62
106	3.61
107	3.59
108	3.58
109	3.57
110	3.55
111	3.53
112	3.51
113	3.48
114	3.46
115	3.44
116	3.41
117	3.38
118	3.36
119	3.33
120	3.30
121	3.27
122	3.24
123	3.22
124	3.19
125	3.16
126	3.13
127	3.10
128	3.07
129	3.04
130	3.02
131	2.99
132	2.96
133	2.93
134	2.90
135	2.88
136	2.85
137	2.82
138	2.80
139	2.77
140	2.74
141	2.71
142	2.69
143	2.66
144	2.64
145	2.61
146	2.58
147	2.56
148	2.53
149	2.50
150	2.48
151	2.45
152	2.43
153	2.40
154	2.38
155	2.35
156	2.33
157	2.30
158	2.28
159	2.26
160	2.24
161	2.22
162	2.19
163	2.18
164	2.16
165	2.14
166	2.12
167	2.10
168	2.09
169	2.08
170	2.06
171	2.05
172	2.04
173	2.03
174	2.02
175	2.01
176	2.00
177	2.00
178	1.99
179	1.99
180	1.99
181	1.99
182	1.99
183	1.99
184	1.99
185	2.00
186	2.00
187	2.01
188	2.01
189	2.02
190	2.03
191	2.04
192	2.05
193	2.06
194	2.08
195	2.09
196	2.11
197	2.12
198	2.14
199	2.15
200	2.17
201	2.19
202	2.21
203	2.23
204	2.25
205	2.27
206	2.29
207	2.31
208	2.33
209	2.36
210	2.38
211	2.41
212	2.43
213	2.45
214	2.48
215	2.50
216	2.53
217	2.56
218	2.58
219	2.61
220	2.64
221	2.66
222	2.69
223	2.72
224	2.75
225	2.78
226	2.81
227	2.84
228	2.87
229	2.90
230	2.93
231	2.96
232	2.99
233	3.02
234	3.05
235	3.08
236	3.11
237	3.14
238	3.17
239	3.20
240	3.23
241	3.26
242	3.28
243	3.31
244	3.33
245	3.36
246	3.38
247	3.40
248	3.43
249	3.44
250	3.46
251	3.48
252	3.49
253	3.50
254	3.51
255	3.51
256	3.52
257	3.52
258	3.52
259	3.51
260	3.51
261	3.50
262	3.49
263	3.47
264	3.46
265	3.43
266	3.41
267	3.39
268	3.36
269	3.33
270	3.29
271	3.26
272	3.22
273	3.18
274	3.13
275	3.09
276	3.04
277	2.99
278	2.94
279	2.89
280	2.83
281	2.78
282	2.72
283	2.66
284	2.61
285	2.55
286	2.49
287	2.43
288	2.37
289	2.30
290	2.24
291	2.18
292	2.12
293	2.06
294	2.00
295	1.94
296	1.88
297	1.82
298	1.76
299	1.70
300	1.64
301	1.58
302	1.53
303	1.47
304	1.42
305	1.37
306	1.32
307	1.26
308	1.22
309	1.17
310	1.12
311	1.07
312	1.03
313	0.99
314	0.95
315	0.90
316	0.87
317	0.83
318	0.79
319	0.75
320	0.72
321	0.68
322	0.65
323	0.62
324	0.59
325	0.56
326	0.53
327	0.50
328	0.47
329	0.45
330	0.42
331	0.40
332	0.37
333	0.35
334	0.33
335	0.31
336	0.29
337	0.27
338	0.25
339	0.23
340	0.21
341	0.19
342	0.18
343	0.16
344	0.15
345	0.13
346	0.12
347	0.10
348	0.09
349	0.08
350	0.07
351	0.06
352	0.05
353	0.04
354	0.03
355	0.03
356	0.02
357	0.01
358	0.01
359	0.01
VERTICAL 360
0	34.33
1	32.75
2	31.37
3	30.14
4	29.04
5	28.04
6	27.13
7	26.30
8	25.52
9	24.81
10	24.14
11	23.51
12	22.93
13	22.38
14	21.87
15	21.39
16	20.94
17	20.52
18	20.13
19	19.76
20	19.42
21	19.11
22	18.82
23	18.56
24	18.33
25	18.12
26	17.95
27	17.80
28	17.68
29	17.59
30	17.53
31	17.51
32	17.53
33	17.59
34	17.70
35	17.86
36	18.07
37	18.35
38	18.70
39	19.14
40	19.68
41	20.35
42	21.17
43	22.21
44	23.53
45	25.26
46	27.68
47	31.43
48	39.04
49	44.58
50	32.39
51	27.24
52	23.86
53	21.31
54	19.24
55	17.49
56	15.98
57	14.63
58	13.43
59	12.33
60	11.33
61	10.41
62	9.55
63	8.76
64	8.02
65	7.33
66	6.69
67	6.08
68	5.52
69	4.99
70	4.49
71	4.02
72	3.59
73	3.18
74	2.80
75	2.45
76	2.13
77	1.83
78	1.55
79	1.30
80	1.07
81	0.86
82	0.68
83	0.52
84	0.38
85	0.26
86	0.17
87	0.10
88	0.04
89	0.01
90	0.00
91	0.01
92	0.04
93	0.10
94	0.17
95	0.26
96	0.38
97	0.52
98	0.68
99	0.86
100	1.07
101	1.30
102	1.55
103	1.83
104	2.13
105	2.45
106	2.80
107	3.18
108	3.59
109	4.02
110	4.49
111	4.99
112	5.52
113	6.08
114	6.69
115	7.33
116	8.02
117	8.76
118	9.55
119	10.41
120	11.33
121	12.33
122	13.43
123	14.63
124	15.98
125	17.49
126	19.24
127	21.31
128	23.86
129	27.24
130	32.39
131	44.58
132	39.04
133	31.43
134	27.68
135	25.26
136	23.53
137	22.21
138	21.17
139	20.35
140	19.68
141	19.14
142	18.70
143	18.35
144	18.07
145	17.86
146	17.70
147	17.59
148	17.53
149	17.51
150	17.53
151	17.59
152	17.68
153	17.80
154	17.95
155	18.12
156	18.33
157	18.56
158	18.82
159	19.11
160	19.42
161	19.76
162	20.13
163	20.52
164	20.94
165	21.39
166	21.87
167	22.38
168	22.93
169	23.51
170	24.14
171	24.81
172	25.52
173	26.30
174	27.13
175	28.04
176	29.04
177	30.14
178	31.37
179	32.75
180	34.33
181	32.75
182	31.37
183	30.14
184	29.04
185	28.04
186	27.13
187	26.30
188	25.52
189	24.81
190	24.14
191	23.51
192	22.93
193	22.38
194	21.87
195	21.39
196	20.94
197	20.52
198	20.13
199	19.76
200	19.42
201	19.11
202	18.82
203	18.56
204	18.33
205	18.12
206	17.95
207	17.80
208	17.68
209	17.59
210	17.53
211	17.51
212	17.53
213	17.59
214	17.70
215	17.86
216	18.07
217	18.35
218	18.70
219	19.14
220	19.68
221	20.35
222	21.17
223	22.21
224	23.53
225	25.26
226	27.68
227	31.43
228	39.04
229	44.58
230	32.39
231	27.24
232	23.86
233	21.31
234	19.24
235	17.49
236	15.98
237	14.63
238	13.43
239	12.33
240	11.33
241	10.41
242	9.55
243	8.76
244	8.02
245	7.33
246	6.69
247	6.08
248	5.52
249	4.99
250	4.49
251	4.02
252	3.59
253	3.18
254	2.80
255	2.45
256	2.13
257	1.83
258	1.55
259	1.30
260	1.07
261	0.86
262	0.68
263	0.52
264	0.38
265	0.26
266	0.17
267	0.10
268	0.04
269	0.01
270	0.00
271	0.01
272	0.04
273	0.10
274	0.17
275	0.26
276	0.38
277	0.52
278	0.68
279	0.86
280	1.07
281	1.30
282	1.55
283	1.83
284	2.13
285	2.45
286	2.80
287	3.18
288	3.59
289	4.02
290	4.49
291	4.99
292	5.52
293	6.08
294	6.69
295	7.33
296	8.02
297	8.76
298	9.55
299	10.41
300	11.33
301	12.33
302	13.43
303	14.63
304	15.98
305	17.49
306	19.24
307	21.31
308	23.86
309	27.24
310	32.39
311	44.58
312	39.04
313	31.43
314	27.68
315	25.26
316	23.53
317	22.21
318	21.17
319	20.35
320	19.68
321	19.14
322	18.70
323	18.35
324	18.07
325	17.86
326	17.70
327	17.59
328	17.53
329	17.51
330	17.53
331	17.59
332	17.68
333	17.80
334	17.95
335	18.12
336	18.33
337	18.56
338	18.82
339	19.11
340	19.42
341	19.76
342	20.13
343	20.52
344	20.94
345	21.39
346	21.87
347	22.38
348	22.93
349	23.51
350	24.14
351	24.81
352	25.52
353	26.30
354	27.13
355	28.04
356	29.04
357	30.14
358	31.37
359	32.75
