NAME painel
MAKE EFTX
FREQUENCY 300.00 MHz
H_WIDTH 0.00
V_WIDTH 6.30
FRONT_TO_BACK 25.00
GAIN 7.00 dBd
TILT MECHANICAL
HORIZONTAL 360
0	0.00
1	0.01
2	0.04
3	0.08
4	0.15
5	0.23
6	0.33
7	0.45
8	0.58
9	0.74
10	0.92
11	1.11
12	1.33
13	1.56
14	1.82
15	2.10
16	2.39
17	2.69
18	3.01
19	3.33
20	3.65
21	3.95
22	4.22
23	4.44
24	4.61
25	4.70
26	4.71
27	4.64
28	4.50
29	4.28
30	4.01
31	3.71
32	3.38
33	3.05
34	2.72
35	2.40
36	2.10
37	1.83
38	1.59
39	1.38
40	1.20
41	1.05
42	0.93
43	0.85
44	0.80
45	0.78
46	0.80
47	0.85
48	0.93
49	1.05
50	1.20
51	1.38
52	1.60
53	1.84
54	2.12
55	2.42
56	2.74
57	3.07
58	3.41
59	3.74
60	4.05
61	4.33
62	4.55
63	4.70
64	4.77
65	4.76
66	4.67
67	4.50
68	4.27
69	3.99
70	3.69
71	3.37
72	3.04
73	2.72
74	2.41
75	2.11
76	1.83
77	1.58
78	1.34
79	1.12
80	0.92
81	0.74
82	0.59
83	0.45
84	0.33
85	0.23
86	0.15
87	0.08
88	0.04
89	0.01
90	0.00
91	0.01
92	0.04
93	0.08
94	0.15
95	0.23
96	0.33
97	0.45
98	0.58
99	0.74
100	0.92
101	1.11
102	1.33
103	1.56
104	1.82
105	2.10
106	2.39
107	2.69
108	3.01
109	3.33
110	3.65
111	3.95
112	4.22
113	4.44
114	4.61
115	4.70
116	4.71
117	4.64
118	4.50
119	4.28
120	4.01
121	3.71
122	3.38
123	3.05
124	2.72
125	2.40
126	2.10
127	1.83
128	1.59
129	1.38
130	1.20
131	1.05
132	0.93
133	0.85
134	0.80
135	0.78
136	0.80
137	0.85
138	0.93
139	1.05
140	1.20
141	1.38
142	1.60
143	1.84
144	2.12
145	2.42
146	2.74
147	3.07
148	3.41
149	3.74
150	4.05
151	4.33
152	4.55
153	4.70
154	4.77
155	4.76
156	4.67
157	4.50
158	4.27
159	3.99
160	3.69
161	3.37
162	3.04
163	2.72
164	2.41
165	2.11
166	1.83
167	1.58
168	1.34
169	1.12
170	0.92
171	0.74
172	0.59
173	0.45
174	0.33
175	0.23
176	0.15
177	0.08
178	0.04
179	0.01
180	0.00
181	0.01
182	0.04
183	0.08
184	0.15
185	0.23
186	0.33
187	0.45
188	0.58
189	0.74
190	0.92
191	1.11
192	1.33
193	1.56
194	1.82
195	2.10
196	2.39
197	2.69
198	3.01
199	3.33
200	3.65
201	3.95
202	4.22
203	4.44
204	4.61
205	4.70
206	4.71
207	4.64
208	4.50
209	4.28
210	4.01
211	3.71
212	3.38
213	3.05
214	2.72
215	2.40
216	2.10
217	1.83
218	1.59
219	1.38
220	1.20
221	1.05
222	0.93
223	0.85
224	0.80
225	0.78
226	0.80
227	0.85
228	0.93
229	1.05
230	1.20
231	1.38
232	1.60
233	1.84
234	2.12
235	2.42
236	2.74
237	3.07
238	3.41
239	3.74
240	4.05
241	4.33
242	4.55
243	4.70
244	4.77
245	4.76
246	4.67
247	4.50
248	4.27
249	3.99
250	3.69
251	3.37
252	3.04
253	2.72
254	2.41
255	2.11
256	1.83
257	1.58
258	1.34
259	1.12
260	0.92
261	0.74
262	0.59
263	0.45
264	0.33
265	0.23
266	0.15
267	0.08
268	0.04
269	0.01
270	0.00
271	0.01
272	0.04
273	0.08
274	0.15
275	0.23
276	0.33
277	0.45
278	0.58
279	0.74
280	0.92
281	1.11
282	1.33
283	1.56
284	1.82
285	2.10
286	2.39
287	2.69
288	3.01
289	3.33
290	3.65
291	3.95
292	4.22
293	4.44
294	4.61
295	4.70
296	4.71
297	4.64
298	4.50
299	4.28
300	4.01
301	3.71
302	3.38
303	3.05
304	2.72
305	2.40
306	2.10
307	1.83
308	1.59
309	1.38
310	1.20
311	1.05
312	0.93
313	0.85
314	0.80
315	0.78
316	0.80
317	0.85
318	0.93
319	1.05
320	1.20
321	1.38
322	1.60
323	1.84
324	2.12
325	2.42
326	2.74
327	3.07
328	3.41
329	3.74
330	4.05
331	4.33
332	4.55
333	4.70
334	4.77
335	4.76
336	4.67
337	4.50
338	4.27
339	3.99
340	3.69
341	3.37
342	3.04
343	2.72
344	2.41
345	2.11
346	1.83
347	1.58
348	1.34
349	1.12
350	0.92
351	0.74
352	0.59
353	0.45
354	0.33
355	0.23
356	0.15
357	0.08
358	0.04
359	0.01
VERTICAL 360
0	15.81
1	15.48
2	15.17
3	14.85
4	14.54
5	14.24
6	13.94
7	13.64
8	13.35
9	13.06
10	12.77
11	12.48
12	12.20
13	11.92
14	11.65
15	11.38
16	11.10
17	10.84
18	10.57
19	10.31
20	10.05
21	9.79
22	9.54
23	9.28
24	9.03
25	8.79
26	8.54
27	8.30
28	8.06
29	7.83
30	7.60
31	7.37
32	7.14
33	6.91
34	6.69
35	6.48
36	6.26
37	6.05
38	5.84
39	5.64
40	5.43
41	5.24
42	5.04
43	4.85
44	4.66
45	4.47
46	4.29
47	4.11
48	3.93
49	3.76
50	3.59
51	3.43
52	3.26
53	3.11
54	2.95
55	2.80
56	2.65
57	2.50
58	2.36
59	2.22
60	2.09
61	1.96
62	1.83
63	1.71
64	1.59
65	1.47
66	1.36
67	1.25
68	1.15
69	1.05
70	0.95
71	0.86
72	0.78
73	0.69
74	0.62
75	0.54
76	0.47
77	0.41
78	0.35
79	0.29
80	0.24
81	0.20
82	0.16
83	0.12
84	0.09
85	0.06
86	0.04
87	0.02
88	0.01
89	0.00
90	0.00
91	0.00
92	0.01
93	0.02
94	0.04
95	0.06
96	0.09
97	0.12
98	0.16
99	0.20
100	0.24
101	0.29
102	0.35
103	0.41
104	0.47
105	0.54
106	0.62
107	0.69
108	0.78
109	0.86
110	0.95
111	1.05
112	1.15
113	1.25
114	1.36
115	1.47
116	1.59
117	1.71
118	1.83
119	1.96
120	2.09
121	2.22
122	2.36
123	2.50
124	2.65
125	2.80
126	2.95
127	3.11
128	3.26
129	3.43
130	3.59
131	3.76
132	3.93
133	4.11
134	4.29
135	4.47
136	4.66
137	4.85
138	5.04
139	5.24
140	5.43
141	5.64
142	5.84
143	6.05
144	6.26
145	6.48
146	6.69
147	6.91
148	7.14
149	7.37
150	7.60
151	7.83
152	8.06
153	8.30
154	8.54
155	8.79
156	9.03
157	9.28
158	9.54
159	9.79
160	10.05
161	10.31
162	10.57
163	10.84
164	11.10
165	11.38
166	11.65
167	11.92
168	12.20
169	12.48
170	12.77
171	13.06
172	13.35
173	13.64
174	13.94
175	14.24
176	14.54
177	14.85
178	15.17
179	15.48
180	15.81
181	15.48
182	15.17
183	14.85
184	14.54
185	14.24
186	13.94
187	13.64
188	13.35
189	13.06
190	12.77
191	12.48
192	12.20
193	11.92
194	11.65
195	11.38
196	11.10
197	10.84
198	10.57
199	10.31
200	10.05
201	9.79
202	9.54
203	9.28
204	9.03
205	8.79
206	8.54
207	8.30
208	8.06
209	7.83
210	7.60
211	7.37
212	7.14
213	6.91
214	6.69
215	6.48
216	6.26
217	6.05
218	5.84
219	5.64
220	5.43
221	5.24
222	5.04
223	4.85
224	4.66
225	4.47
226	4.29
227	4.11
228	3.93
229	3.76
230	3.59
231	3.43
232	3.26
233	3.11
234	2.95
235	2.80
236	2.65
237	2.50
238	2.36
239	2.22
240	2.09
241	1.96
242	1.83
243	1.71
244	1.59
245	1.47
246	1.36
247	1.25
248	1.15
249	1.05
250	0.95
251	0.86
252	0.78
253	0.69
254	0.62
255	0.54
256	0.47
257	0.41
258	0.35
259	0.29
260	0.24
261	0.20
262	0.16
263	0.12
264	0.09
265	0.06
266	0.04
267	0.02
268	0.01
269	0.00
270	0.00
271	0.00
272	0.01
273	0.02
274	0.04
275	0.06
276	0.09
277	0.12
278	0.16
279	0.20
280	0.24
281	0.29
282	0.35
283	0.41
284	0.47
285	0.54
286	0.62
287	0.69
288	0.78
289	0.86
290	0.95
291	1.05
292	1.15
293	1.25
294	1.36
295	1.47
296	1.59
297	1.71
298	1.83
299	1.96
300	2.09
301	2.22
302	2.36
303	2.50
304	2.65
305	2.80
306	2.95
307	3.11
308	3.26
309	3.43
310	3.59
311	3.76
312	3.93
313	4.11
314	4.29
315	4.47
316	4.66
317	4.85
318	5.04
319	5.24
320	5.43
321	5.64
322	5.84
323	6.05
324	6.26
325	6.48
326	6.69
327	6.91
328	7.14
329	7.37
330	7.60
331	7.83
332	8.06
333	8.30
334	8.54
335	8.79
336	9.03
337	9.28
338	9.54
339	9.79
340	10.05
341	10.31
342	10.57
343	10.84
344	11.10
345	11.38
346	11.65
347	11.92
348	12.20
349	12.48
350	12.77
351	13.06
352	13.35
353	13.64
354	13.94
355	14.24
356	14.54
357	14.85
358	15.17
359	15.48
