NAME SLOT_END_FEED_8_Vpol_POL1
MAKE EFTX
FREQUENCY 635.00 MHz
H_WIDTH 0.00
V_WIDTH 6.30
FRONT_TO_BACK 25.00
GAIN 10.80 dBd
TILT MECHANICAL
HORIZONTAL 360
0	10.31
1	10.35
2	10.49
3	10.73
4	11.07
5	11.53
6	12.12
7	12.86
8	13.79
9	14.95
10	16.41
11	18.31
12	20.82
13	24.14
14	27.08
15	25.21
16	21.31
17	18.12
18	15.63
19	13.62
20	11.96
21	10.54
22	9.31
23	8.24
24	7.28
25	6.43
26	5.66
27	4.97
28	4.35
29	3.78
30	3.27
31	2.81
32	2.39
33	2.01
34	1.67
35	1.37
36	1.10
37	0.86
38	0.65
39	0.48
40	0.33
41	0.21
42	0.12
43	0.05
44	0.01
45	0.00
46	0.01
47	0.05
48	0.12
49	0.22
50	0.34
51	0.49
52	0.66
53	0.87
54	1.11
55	1.38
56	1.69
57	2.03
58	2.41
59	2.83
60	3.29
61	3.80
62	4.37
63	4.99
64	5.68
65	6.44
66	7.29
67	8.25
68	9.32
69	10.54
70	11.96
71	13.62
72	15.62
73	18.10
74	21.28
75	25.19
76	27.14
77	24.23
78	20.89
79	18.36
80	16.45
81	14.98
82	13.81
83	12.88
84	12.14
85	11.55
86	11.09
87	10.74
88	10.50
89	10.36
90	10.31
91	10.35
92	10.49
93	10.73
94	11.07
95	11.53
96	12.12
97	12.86
98	13.79
99	14.95
100	16.41
101	18.31
102	20.82
103	24.14
104	27.08
105	25.21
106	21.31
107	18.12
108	15.63
109	13.62
110	11.96
111	10.54
112	9.31
113	8.24
114	7.28
115	6.43
116	5.66
117	4.97
118	4.35
119	3.78
120	3.27
121	2.81
122	2.39
123	2.01
124	1.67
125	1.37
126	1.10
127	0.86
128	0.65
129	0.48
130	0.33
131	0.21
132	0.12
133	0.05
134	0.01
135	0.00
136	0.01
137	0.05
138	0.12
139	0.22
140	0.34
141	0.49
142	0.66
143	0.87
144	1.11
145	1.38
146	1.69
147	2.03
148	2.41
149	2.83
150	3.29
151	3.80
152	4.37
153	4.99
154	5.68
155	6.44
156	7.29
157	8.25
158	9.32
159	10.54
160	11.96
161	13.62
162	15.62
163	18.10
164	21.28
165	25.19
166	27.14
167	24.23
168	20.89
169	18.36
170	16.45
171	14.98
172	13.81
173	12.88
174	12.14
175	11.55
176	11.09
177	10.74
178	10.50
179	10.36
180	10.31
181	10.35
182	10.49
183	10.73
184	11.07
185	11.53
186	12.12
187	12.86
188	13.79
189	14.95
190	16.41
191	18.31
192	20.82
193	24.14
194	27.08
195	25.21
196	21.31
197	18.12
198	15.63
199	13.62
200	11.96
201	10.54
202	9.31
203	8.24
204	7.28
205	6.43
206	5.66
207	4.97
208	4.35
209	3.78
210	3.27
211	2.81
212	2.39
213	2.01
214	1.67
215	1.37
216	1.10
217	0.86
218	0.65
219	0.48
220	0.33
221	0.21
222	0.12
223	0.05
224	0.01
225	0.00
226	0.01
227	0.05
228	0.12
229	0.22
230	0.34
231	0.49
232	0.66
233	0.87
234	1.11
235	1.38
236	1.69
237	2.03
238	2.41
239	2.83
240	3.29
241	3.80
242	4.37
243	4.99
244	5.68
245	6.44
246	7.29
247	8.25
248	9.32
249	10.54
250	11.96
251	13.62
252	15.62
253	18.10
254	21.28
255	25.19
256	27.14
257	24.23
258	20.89
259	18.36
260	16.45
261	14.98
262	13.81
263	12.88
264	12.14
265	11.55
266	11.09
267	10.74
268	10.50
269	10.36
270	10.31
271	10.35
272	10.49
273	10.73
274	11.07
275	11.53
276	12.12
277	12.86
278	13.79
279	14.95
280	16.41
281	18.31
282	20.82
283	24.14
284	27.08
285	25.21
286	21.31
287	18.12
288	15.63
289	13.62
290	11.96
291	10.54
292	9.31
293	8.24
294	7.28
295	6.43
296	5.66
297	4.97
298	4.35
299	3.78
300	3.27
301	2.81
302	2.39
303	2.01
304	1.67
305	1.37
306	1.10
307	0.86
308	0.65
309	0.48
310	0.33
311	0.21
312	0.12
313	0.05
314	0.01
315	0.00
316	0.01
317	0.05
318	0.12
319	0.22
320	0.34
321	0.49
322	0.66
323	0.87
324	1.11
325	1.38
326	1.69
327	2.03
328	2.41
329	2.83
330	3.29
331	3.80
332	4.37
333	4.99
334	5.68
335	6.44
336	7.29
337	8.25
338	9.32
339	10.54
340	11.96
341	13.62
342	15.62
343	18.10
344	21.28
345	25.19
346	27.14
347	24.23
348	20.89
349	18.36
350	16.45
351	14.98
352	13.81
353	12.88
354	12.14
355	11.55
356	11.09
357	10.74
358	10.50
359	10.36
VERTICAL 360
0	27.68
1	27.38
2	27.13
3	26.93
4	26.78
5	26.68
6	26.65
7	26.67
8	26.76
9	26.93
10	27.17
11	27.52
12	27.97
13	28.55
14	29.30
15	30.25
16	31.48
17	33.09
18	35.25
19	38.21
20	41.69
21	41.58
22	37.50
23	33.83
24	30.97
25	28.70
26	26.81
27	25.22
28	23.85
29	22.66
30	21.62
31	20.70
32	19.90
33	19.21
34	18.61
35	18.11
36	17.70
37	17.39
38	17.16
39	17.04
40	17.02
41	17.11
42	17.33
43	17.69
44	18.22
45	18.95
46	19.94
47	21.28
48	23.11
49	25.74
50	29.89
51	37.18
52	34.36
53	27.68
54	23.67
55	20.90
56	18.82
57	17.21
58	15.93
59	14.93
60	14.15
61	13.58
62	13.21
63	13.03
64	13.05
65	13.31
66	13.83
67	14.68
68	15.97
69	17.93
70	21.06
71	26.84
72	32.19
73	22.76
74	17.45
75	13.95
76	11.34
77	9.27
78	7.57
79	6.14
80	4.93
81	3.90
82	3.02
83	2.28
84	1.65
85	1.13
86	0.72
87	0.40
88	0.18
89	0.04
90	0.00
91	0.04
92	0.18
93	0.40
94	0.72
95	1.13
96	1.65
97	2.28
98	3.02
99	3.90
100	4.93
101	6.14
102	7.57
103	9.27
104	11.34
105	13.95
106	17.45
107	22.76
108	32.19
109	26.84
110	21.06
111	17.93
112	15.97
113	14.68
114	13.83
115	13.31
116	13.05
117	13.03
118	13.21
119	13.58
120	14.15
121	14.93
122	15.93
123	17.21
124	18.82
125	20.90
126	23.67
127	27.68
128	34.36
129	37.18
130	29.89
131	25.74
132	23.11
133	21.28
134	19.94
135	18.95
136	18.22
137	17.69
138	17.33
139	17.11
140	17.02
141	17.04
142	17.16
143	17.39
144	17.70
145	18.11
146	18.61
147	19.21
148	19.90
149	20.70
150	21.62
151	22.66
152	23.85
153	25.22
154	26.81
155	28.70
156	30.97
157	33.83
158	37.50
159	41.58
160	41.69
161	38.21
162	35.25
163	33.09
164	31.48
165	30.25
166	29.30
167	28.55
168	27.97
169	27.52
170	27.17
171	26.93
172	26.76
173	26.67
174	26.65
175	26.68
176	26.78
177	26.93
178	27.13
179	27.38
180	27.68
181	27.38
182	27.13
183	26.93
184	26.78
185	26.68
186	26.65
187	26.67
188	26.76
189	26.93
190	27.17
191	27.52
192	27.97
193	28.55
194	29.30
195	30.25
196	31.48
197	33.09
198	35.25
199	38.21
200	41.69
201	41.58
202	37.50
203	33.83
204	30.97
205	28.70
206	26.81
207	25.22
208	23.85
209	22.66
210	21.62
211	20.70
212	19.90
213	19.21
214	18.61
215	18.11
216	17.70
217	17.39
218	17.16
219	17.04
220	17.02
221	17.11
222	17.33
223	17.69
224	18.22
225	18.95
226	19.94
227	21.28
228	23.11
229	25.74
230	29.89
231	37.18
232	34.36
233	27.68
234	23.67
235	20.90
236	18.82
237	17.21
238	15.93
239	14.93
240	14.15
241	13.58
242	13.21
243	13.03
244	13.05
245	13.31
246	13.83
247	14.68
248	15.97
249	17.93
250	21.06
251	26.84
252	32.19
253	22.76
254	17.45
255	13.95
256	11.34
257	9.27
258	7.57
259	6.14
260	4.93
261	3.90
262	3.02
263	2.28
264	1.65
265	1.13
266	0.72
267	0.40
268	0.18
269	0.04
270	0.00
271	0.04
272	0.18
273	0.40
274	0.72
275	1.13
276	1.65
277	2.28
278	3.02
279	3.90
280	4.93
281	6.14
282	7.57
283	9.27
284	11.34
285	13.95
286	17.45
287	22.76
288	32.19
289	26.84
290	21.06
291	17.93
292	15.97
293	14.68
294	13.83
295	13.31
296	13.05
297	13.03
298	13.21
299	13.58
300	14.15
301	14.93
302	15.93
303	17.21
304	18.82
305	20.90
306	23.67
307	27.68
308	34.36
309	37.18
310	29.89
311	25.74
312	23.11
313	21.28
314	19.94
315	18.95
316	18.22
317	17.69
318	17.33
319	17.11
320	17.02
321	17.04
322	17.16
323	17.39
324	17.70
325	18.11
326	18.61
327	19.21
328	19.90
329	20.70
330	21.62
331	22.66
332	23.85
333	25.22
334	26.81
335	28.70
336	30.97
337	33.83
338	37.50
339	41.58
340	41.69
341	38.21
342	35.25
343	33.09
344	31.48
345	30.25
346	29.30
347	28.55
348	27.97
349	27.52
350	27.17
351	26.93
352	26.76
353	26.67
354	26.65
355	26.68
356	26.78
357	26.93
358	27.13
359	27.38
