NAME SLOT_END_FEED_8_Vpol_POL1
MAKE EFTX
FREQUENCY 635.00 MHz
H_WIDTH 0.00
V_WIDTH 6.30
FRONT_TO_BACK 25.00
GAIN 10.80 dBd
TILT MECHANICAL
HORIZONTAL 360
0	11.07
1	11.12
2	11.27
3	11.52
4	11.88
5	12.36
6	12.97
7	13.75
8	14.73
9	15.97
10	17.57
11	19.66
12	22.53
13	26.37
14	28.58
15	24.90
16	20.85
17	17.78
18	15.40
19	13.47
20	11.86
21	10.48
22	9.28
23	8.22
24	7.28
25	6.44
26	5.68
27	4.99
28	4.37
29	3.80
30	3.29
31	2.82
32	2.40
33	2.02
34	1.68
35	1.37
36	1.10
37	0.86
38	0.65
39	0.48
40	0.33
41	0.21
42	0.11
43	0.05
44	0.01
45	0.00
46	0.02
47	0.06
48	0.13
49	0.22
50	0.35
51	0.50
52	0.68
53	0.89
54	1.14
55	1.41
56	1.72
57	2.07
58	2.45
59	2.87
60	3.34
61	3.86
62	4.42
63	5.05
64	5.73
65	6.50
66	7.34
67	8.28
68	9.34
69	10.54
70	11.92
71	13.53
72	15.45
73	17.82
74	20.83
75	24.66
76	27.75
77	25.73
78	22.21
79	19.49
80	17.45
81	15.90
82	14.68
83	13.71
84	12.94
85	12.33
86	11.86
87	11.51
88	11.26
89	11.12
90	11.07
91	11.12
92	11.27
93	11.52
94	11.88
95	12.36
96	12.97
97	13.75
98	14.73
99	15.97
100	17.57
101	19.66
102	22.53
103	26.37
104	28.58
105	24.90
106	20.85
107	17.78
108	15.40
109	13.47
110	11.86
111	10.48
112	9.28
113	8.22
114	7.28
115	6.44
116	5.68
117	4.99
118	4.37
119	3.80
120	3.29
121	2.82
122	2.40
123	2.02
124	1.68
125	1.37
126	1.10
127	0.86
128	0.65
129	0.48
130	0.33
131	0.21
132	0.11
133	0.05
134	0.01
135	0.00
136	0.02
137	0.06
138	0.13
139	0.22
140	0.35
141	0.50
142	0.68
143	0.89
144	1.14
145	1.41
146	1.72
147	2.07
148	2.45
149	2.87
150	3.34
151	3.86
152	4.42
153	5.05
154	5.73
155	6.50
156	7.34
157	8.28
158	9.34
159	10.54
160	11.92
161	13.53
162	15.45
163	17.82
164	20.83
165	24.66
166	27.75
167	25.73
168	22.21
169	19.49
170	17.45
171	15.90
172	14.68
173	13.71
174	12.94
175	12.33
176	11.86
177	11.51
178	11.26
179	11.12
180	11.07
181	11.12
182	11.27
183	11.52
184	11.88
185	12.36
186	12.97
187	13.75
188	14.73
189	15.97
190	17.57
191	19.66
192	22.53
193	26.37
194	28.58
195	24.90
196	20.85
197	17.78
198	15.40
199	13.47
200	11.86
201	10.48
202	9.28
203	8.22
204	7.28
205	6.44
206	5.68
207	4.99
208	4.37
209	3.80
210	3.29
211	2.82
212	2.40
213	2.02
214	1.68
215	1.37
216	1.10
217	0.86
218	0.65
219	0.48
220	0.33
221	0.21
222	0.11
223	0.05
224	0.01
225	0.00
226	0.02
227	0.06
228	0.13
229	0.22
230	0.35
231	0.50
232	0.68
233	0.89
234	1.14
235	1.41
236	1.72
237	2.07
238	2.45
239	2.87
240	3.34
241	3.86
242	4.42
243	5.05
244	5.73
245	6.50
246	7.34
247	8.28
248	9.34
249	10.54
250	11.92
251	13.53
252	15.45
253	17.82
254	20.83
255	24.66
256	27.75
257	25.73
258	22.21
259	19.49
260	17.45
261	15.90
262	14.68
263	13.71
264	12.94
265	12.33
266	11.86
267	11.51
268	11.26
269	11.12
270	11.07
271	11.12
272	11.27
273	11.52
274	11.88
275	12.36
276	12.97
277	13.75
278	14.73
279	15.97
280	17.57
281	19.66
282	22.53
283	26.37
284	28.58
285	24.90
286	20.85
287	17.78
288	15.40
289	13.47
290	11.86
291	10.48
292	9.28
293	8.22
294	7.28
295	6.44
296	5.68
297	4.99
298	4.37
299	3.80
300	3.29
301	2.82
302	2.40
303	2.02
304	1.68
305	1.37
306	1.10
307	0.86
308	0.65
309	0.48
310	0.33
311	0.21
312	0.11
313	0.05
314	0.01
315	0.00
316	0.02
317	0.06
318	0.13
319	0.22
320	0.35
321	0.50
322	0.68
323	0.89
324	1.14
325	1.41
326	1.72
327	2.07
328	2.45
329	2.87
330	3.34
331	3.86
332	4.42
333	5.05
334	5.73
335	6.50
336	7.34
337	8.28
338	9.34
339	10.54
340	11.92
341	13.53
342	15.45
343	17.82
344	20.83
345	24.66
346	27.75
347	25.73
348	22.21
349	19.49
350	17.45
351	15.90
352	14.68
353	13.71
354	12.94
355	12.33
356	11.86
357	11.51
358	11.26
359	11.12
VERTICAL 360
0	26.17
1	25.86
2	25.58
3	25.35
4	25.14
5	24.97
6	24.83
7	24.73
8	24.66
9	24.62
10	24.62
11	24.64
12	24.69
13	24.76
14	24.84
15	24.91
16	24.97
17	25.00
18	24.96
19	24.84
20	24.62
21	24.29
22	23.85
23	23.31
24	22.69
25	22.02
26	21.32
27	20.60
28	19.90
29	19.22
30	18.57
31	17.96
32	17.39
33	16.87
34	16.41
35	16.00
36	15.64
37	15.35
38	15.12
39	14.94
40	14.84
41	14.80
42	14.83
43	14.92
44	15.08
45	15.30
46	15.57
47	15.87
48	16.16
49	16.42
50	16.57
51	16.56
52	16.37
53	15.98
54	15.43
55	14.78
56	14.08
57	13.40
58	12.77
59	12.20
60	11.73
61	11.36
62	11.11
63	10.98
64	10.97
65	11.12
66	11.41
67	11.88
68	12.52
69	13.32
70	14.22
71	15.02
72	15.34
73	14.82
74	13.52
75	11.85
76	10.14
77	8.54
78	7.11
79	5.84
80	4.73
81	3.76
82	2.93
83	2.21
84	1.61
85	1.11
86	0.70
87	0.39
88	0.17
89	0.04
90	0.00
91	0.04
92	0.17
93	0.39
94	0.70
95	1.11
96	1.61
97	2.21
98	2.93
99	3.76
100	4.73
101	5.84
102	7.11
103	8.54
104	10.14
105	11.85
106	13.52
107	14.82
108	15.34
109	15.02
110	14.22
111	13.32
112	12.52
113	11.88
114	11.41
115	11.12
116	10.97
117	10.98
118	11.11
119	11.36
120	11.73
121	12.20
122	12.77
123	13.40
124	14.08
125	14.78
126	15.43
127	15.98
128	16.37
129	16.56
130	16.57
131	16.42
132	16.16
133	15.87
134	15.57
135	15.30
136	15.08
137	14.92
138	14.83
139	14.80
140	14.84
141	14.94
142	15.12
143	15.35
144	15.64
145	16.00
146	16.41
147	16.87
148	17.39
149	17.96
150	18.57
151	19.22
152	19.90
153	20.60
154	21.32
155	22.02
156	22.69
157	23.31
158	23.85
159	24.29
160	24.62
161	24.84
162	24.96
163	25.00
164	24.97
165	24.91
166	24.84
167	24.76
168	24.69
169	24.64
170	24.62
171	24.62
172	24.66
173	24.73
174	24.83
175	24.97
176	25.14
177	25.35
178	25.58
179	25.86
180	26.17
181	25.86
182	25.58
183	25.35
184	25.14
185	24.97
186	24.83
187	24.73
188	24.66
189	24.62
190	24.62
191	24.64
192	24.69
193	24.76
194	24.84
195	24.91
196	24.97
197	25.00
198	24.96
199	24.84
200	24.62
201	24.29
202	23.85
203	23.31
204	22.69
205	22.02
206	21.32
207	20.60
208	19.90
209	19.22
210	18.57
211	17.96
212	17.39
213	16.87
214	16.41
215	16.00
216	15.64
217	15.35
218	15.12
219	14.94
220	14.84
221	14.80
222	14.83
223	14.92
224	15.08
225	15.30
226	15.57
227	15.87
228	16.16
229	16.42
230	16.57
231	16.56
232	16.37
233	15.98
234	15.43
235	14.78
236	14.08
237	13.40
238	12.77
239	12.20
240	11.73
241	11.36
242	11.11
243	10.98
244	10.97
245	11.12
246	11.41
247	11.88
248	12.52
249	13.32
250	14.22
251	15.02
252	15.34
253	14.82
254	13.52
255	11.85
256	10.14
257	8.54
258	7.11
259	5.84
260	4.73
261	3.76
262	2.93
263	2.21
264	1.61
265	1.11
266	0.70
267	0.39
268	0.17
269	0.04
270	0.00
271	0.04
272	0.17
273	0.39
274	0.70
275	1.11
276	1.61
277	2.21
278	2.93
279	3.76
280	4.73
281	5.84
282	7.11
283	8.54
284	10.14
285	11.85
286	13.52
287	14.82
288	15.34
289	15.02
290	14.22
291	13.32
292	12.52
293	11.88
294	11.41
295	11.12
296	10.97
297	10.98
298	11.11
299	11.36
300	11.73
301	12.20
302	12.77
303	13.40
304	14.08
305	14.78
306	15.43
307	15.98
308	16.37
309	16.56
310	16.57
311	16.42
312	16.16
313	15.87
314	15.57
315	15.30
316	15.08
317	14.92
318	14.83
319	14.80
320	14.84
321	14.94
322	15.12
323	15.35
324	15.64
325	16.00
326	16.41
327	16.87
328	17.39
329	17.96
330	18.57
331	19.22
332	19.90
333	20.60
334	21.32
335	22.02
336	22.69
337	23.31
338	23.85
339	24.29
340	24.62
341	24.84
342	24.96
343	25.00
344	24.97
345	24.91
346	24.84
347	24.76
348	24.69
349	24.64
350	24.62
351	24.62
352	24.66
353	24.73
354	24.83
355	24.97
356	25.14
357	25.35
358	25.58
359	25.86
